120, 218, 237, 155, 79, 108, 27, 85, 16, 198, 119, 109, 199, 113, 18, 39, 54, 69, 42, 8, 149, 212, 136, 74, 133, 67, 107, 46, 141, 16, 72, 164, 
21, 18, 69, 226, 96, 163, 30, 128, 83, 34, 202, 37, 189, 36, 18, 18, 7, 122, 72, 16, 87, 36, 71, 28, 114, 41, 200, 65, 28, 56, 112, 48, 
66, 32, 168, 68, 149, 84, 72, 72, 92, 234, 68, 28, 168, 4, 138, 13, 237, 161, 69, 84, 78, 157, 63, 77, 29, 123, 31, 111, 215, 177, 247, 189, 
217, 157, 47, 197, 144, 168, 142, 118, 36, 75, 113, 127, 93, 123, 119, 103, 222, 55, 179, 51, 207, 134, 241, 175, 236, 248, 136, 99, 198, 255, 102, 33, 
249, 58, 34, 95, 207, 203, 215, 155, 70, 96, 15, 110, 113, 33, 196, 34, 195, 210, 146, 141, 51, 44, 39, 89, 146, 97, 21, 33, 106, 12, 138, 200, 
195, 214, 25, 214, 47, 89, 153, 97, 71, 37, 155, 97, 216, 180, 100, 41, 134, 149, 132, 168, 51, 40, 44, 15, 219, 100, 88, 159, 100, 171, 12, 27, 
146, 108, 158, 97, 99, 146, 157, 102, 216, 130, 16, 22, 131, 76, 121, 216, 22, 195, 122, 37, 171, 50, 108, 16, 56, 111, 20, 56, 47, 47, 153, 193, 
59, 239, 62, 131, 122, 228, 97, 107, 12, 27, 144, 108, 9, 56, 111, 10, 56, 47, 201, 59, 111, 27, 56, 111, 3, 56, 143, 139, 163, 132, 100, 179, 
192, 121, 207, 241, 206, 107, 0, 231, 221, 3, 206, 187, 11, 156, 247, 21, 112, 94, 150, 119, 30, 23, 71, 134, 192, 206, 171, 2, 231, 45, 2, 231, 
141, 119, 230, 188, 26, 112, 94, 39, 34, 144, 0, 34, 48, 9, 68, 160, 200, 139, 64, 8, 136, 64, 172, 67, 17, 200, 0, 17, 40, 96, 231, 113, 
34, 16, 5, 206, 251, 47, 10, 222, 129, 8, 68, 128, 8, 244, 119, 40, 2, 147, 32, 142, 138, 188, 8, 132, 128, 8, 196, 64, 28, 13, 1, 17, 
200, 0, 17, 40, 116, 38, 2, 81, 32, 2, 113, 32, 2, 105, 32, 2, 57, 16, 71, 187, 56, 175, 10, 156, 183, 143, 34, 16, 216, 158, 153, 57, 
113, 165, 98, 253, 54, 231, 231, 148, 168, 92, 78, 182, 213, 189, 222, 140, 86, 196, 142, 89, 20, 154, 69, 209, 182, 109, 242, 177, 39, 133, 98, 127, 
234, 235, 179, 162, 50, 43, 69, 179, 159, 98, 75, 100, 157, 201, 239, 57, 159, 52, 71, 22, 4, 201, 104, 118, 0, 139, 154, 115, 10, 33, 231, 191, 
157, 38, 31, 57, 238, 174, 57, 53, 154, 199, 84, 169, 152, 212, 117, 163, 168, 202, 129, 93, 60, 212, 181, 76, 101, 105, 139, 220, 77, 50, 49, 125, 
201, 79, 171, 201, 105, 80, 95, 242, 71, 213, 43, 76, 235, 169, 99, 64, 93, 146, 147, 250, 58, 139, 170, 217, 169, 160, 103, 56, 91, 252, 106, 202, 
58, 179, 72, 42, 105, 40, 127, 215, 137, 160, 10, 229, 242, 106, 244, 206, 167, 220, 122, 97, 139, 174, 243, 172, 91, 214, 108, 82, 1, 159, 114, 111, 
224, 6, 85, 212, 89, 247, 90, 215, 105, 157, 51, 239, 42, 225, 26, 149, 191, 69, 247, 118, 86, 169, 30, 45, 185, 98, 126, 151, 178, 50, 195, 18, 
46, 75, 208, 236, 174, 252, 195, 195, 196, 134, 252, 88, 121, 247, 107, 31, 244, 99, 75, 238, 189, 174, 50, 247, 122, 128, 250, 97, 212, 77, 81, 125, 
212, 127, 99, 174, 111, 123, 169, 223, 149, 152, 232, 161, 241, 146, 115, 99, 41, 76, 227, 172, 160, 100, 96, 65, 146, 191, 18, 187, 48, 230, 11, 122, 
78, 210, 214, 10, 89, 99, 90, 44, 163, 181, 57, 228, 93, 211, 101, 85, 53, 136, 22, 204, 250, 107, 136, 157, 157, 149, 2, 163, 164, 170, 70, 159, 
208, 10, 12, 77, 166, 198, 244, 91, 232, 104, 93, 214, 189, 187, 170, 128, 58, 239, 239, 59, 151, 111, 230, 5, 41, 34, 28, 69, 173, 181, 181, 85, 
187, 187, 195, 186, 38, 255, 161, 213, 236, 64, 203, 141, 151, 248, 28, 160, 229, 142, 58, 77, 73, 189, 124, 206, 145, 234, 87, 106, 162, 134, 95, 229, 
17, 154, 184, 86, 177, 254, 158, 75, 6, 217, 62, 176, 3, 102, 57, 254, 177, 211, 22, 54, 150, 149, 120, 22, 6, 143, 178, 113, 192, 242, 60, 123, 
66, 176, 236, 177, 10, 195, 30, 125, 227, 147, 230, 146, 94, 245, 123, 248, 21, 221, 192, 152, 132, 29, 176, 128, 5, 44, 96, 123, 202, 4, 181, 135, 
148, 5, 22, 88, 23, 91, 120, 226, 74, 69, 220, 249, 249, 109, 159, 135, 142, 139, 173, 104, 191, 149, 34, 232, 153, 146, 187, 20, 106, 58, 124, 77, 
91, 39, 247, 208, 146, 158, 7, 108, 27, 73, 193, 44, 101, 127, 189, 147, 52, 143, 125, 228, 252, 185, 161, 51, 235, 195, 230, 159, 47, 10, 253, 193, 
84, 178, 70, 86, 125, 246, 84, 219, 245, 194, 202, 234, 207, 151, 101, 133, 205, 144, 138, 81, 105, 31, 252, 66, 59, 16, 92, 147, 188, 79, 240, 125, 
254, 30, 193, 55, 222, 67, 2, 143, 85, 89, 93, 2, 204, 4, 159, 25, 2, 231, 18, 17, 252, 160, 41, 6, 166, 59, 113, 48, 199, 72, 131, 142, 
125, 14, 116, 236, 43, 252, 184, 197, 62, 21, 174, 99, 159, 6, 19, 196, 34, 63, 199, 136, 9, 254, 235, 50, 252, 29, 179, 111, 38, 55, 76, 122, 
18, 124, 100, 81, 176, 115, 133, 1, 193, 207, 160, 236, 174, 144, 149, 100, 195, 143, 118, 46, 212, 144, 102, 102, 66, 49, 112, 1, 57, 193, 206, 1, 
157, 111, 91, 7, 223, 230, 127, 88, 63, 248, 182, 2, 127, 146, 118, 120, 137, 27, 254, 145, 94, 242, 54, 115, 90, 118, 194, 62, 108, 217, 95, 33, 
43, 126, 205, 28, 183, 81, 197, 140, 180, 156, 166, 124, 13, 220, 173, 25, 254, 178, 253, 117, 163, 217, 92, 202, 242, 1, 116, 131, 95, 29, 141, 20, 
47, 12, 87, 129, 104, 80, 91, 237, 50, 22, 88, 96, 93, 109, 230, 217, 47, 87, 132, 184, 115, 217, 91, 160, 153, 111, 181, 171, 176, 235, 68, 11, 
15, 47, 40, 75, 161, 174, 193, 23, 72, 157, 149, 2, 11, 254, 38, 18, 131, 44, 96, 107, 132, 53, 230, 206, 24, 230, 177, 102, 61, 105, 233, 236, 
167, 157, 19, 120, 92, 232, 154, 40, 223, 124, 172, 171, 243, 170, 194, 62, 208, 59, 129, 74, 65, 33, 62, 163, 25, 222, 213, 224, 155, 30, 165, 173, 
131, 226, 6, 21, 69, 157, 22, 90, 13, 208, 178, 228, 10, 194, 40, 216, 181, 19, 7, 187, 45, 50, 252, 198, 15, 179, 194, 23, 69, 39, 248, 250, 
44, 202, 167, 173, 195, 37, 38, 109, 61, 114, 170, 89, 151, 143, 243, 233, 229, 107, 62, 245, 124, 195, 166, 165, 250, 235, 124, 202, 106, 188, 139, 210, 
217, 173, 20, 72, 117, 181, 20, 72, 131, 126, 94, 48, 15, 189, 242, 169, 247, 105, 198, 181, 103, 5, 168, 133, 143, 8, 176, 213, 164, 64, 167, 82, 
138, 13, 130, 202, 53, 140, 226, 179, 8, 182, 217, 76, 131, 157, 66, 163, 187, 236, 151, 41, 239, 99, 191, 40, 13, 190, 111, 12, 156, 103, 30, 92, 
95, 133, 119, 68, 175, 250, 4, 177, 233, 189, 244, 246, 186, 21, 63, 122, 170, 205, 13, 55, 136, 62, 167, 69, 234, 146, 18, 96, 223, 186, 202, 83, 
210, 74, 98, 251, 205, 237, 157, 119, 17, 178, 65, 164, 25, 148, 223, 159, 147, 207, 190, 23, 155, 163, 197, 69, 94, 146, 27, 73, 158, 45, 243, 82, 
94, 163, 161, 172, 140, 69, 181, 56, 234, 41, 168, 136, 62, 202, 188, 218, 158, 139, 214, 124, 162, 111, 228, 210, 53, 59, 197, 157, 15, 178, 125, 96, 
7, 208, 156, 157, 97, 6, 120, 240, 7, 90, 205, 176, 126, 208, 133, 206, 241, 44, 10, 186, 215, 25, 158, 133, 64, 215, 123, 24, 48, 121, 1, 22, 
195, 236, 11, 88, 103, 152, 125, 1, 227, 254, 44, 234, 36, 83, 127, 150, 113, 146, 176, 47, 11, 53, 75, 61, 95, 54, 220, 20, 64, 95, 86, 108, 
246, 11, 252, 88, 107, 231, 144, 31, 107, 109, 248, 241, 97, 209, 86, 53, 224, 195, 50, 173, 42, 194, 203, 66, 237, 90, 213, 203, 134, 219, 10, 238, 
101, 197, 118, 195, 195, 195, 148, 173, 79, 30, 150, 119, 171, 4, 202, 162, 74, 157, 71, 89, 70, 41, 131, 8, 11, 171, 197, 54, 97, 195, 106, 10, 
34, 172, 168, 118, 108, 116, 166, 239, 221, 210, 89, 94, 43, 115, 52, 22, 213, 11, 85, 141, 101, 244, 58, 78, 99, 164, 66, 167, 108, 153, 103, 86, 
10, 28, 199, 54, 47, 186, 133, 61, 248, 3, 80, 192, 186, 156, 5, 22, 88, 87, 25, 146, 172, 110, 98, 129, 24, 29, 92, 246, 195, 138, 172, 16, 
126, 255, 226, 12, 138, 221, 235, 41, 16, 215, 164, 101, 165, 199, 209, 22, 90, 15, 87, 1, 179, 80, 99, 88, 109, 75, 53, 46, 191, 247, 242, 83, 
134, 113, 232, 212, 251, 205, 30, 132, 127, 75, 53, 236, 76, 250, 152, 17, 103, 104, 65, 240, 189, 174, 94, 1, 6, 233, 211, 160, 167, 58, 32, 248, 
95, 73, 134, 192, 188, 213, 217, 53, 206, 116, 243, 156, 173, 2, 139, 160, 71, 86, 222, 199, 30, 25, 250, 204, 81, 240, 227, 196, 49, 240, 51, 188, 
60, 248, 213, 105, 137, 255, 169, 103, 4, 68, 121, 156, 159, 131, 58, 167, 210, 30, 13, 39, 166, 60, 109, 204, 246, 37, 36, 180, 150, 210, 73, 109, 
0, 145, 80, 71, 5, 61, 122, 12, 218, 247, 239, 215, 157, 1, 72, 196, 121, 160, 174, 106, 76, 88, 223, 157, 75, 154, 79, 95, 168, 144, 38, 117, 
130, 134, 252, 150, 193, 179, 25, 158, 109, 208, 128, 100, 70, 47, 198, 241, 146, 58, 178, 33, 183, 217, 188, 208, 254, 233, 192, 109, 239, 216, 219, 60, 
123, 105, 37, 232, 159, 237, 173, 253, 3, 84, 45, 182, 161